10.0000000000 10.0000000000 10.0000000000
10.0000000000 -10.0000000000 10.0000000000
-10.0000000000 -10.0000000000 10.0000000000
255.0000000000 0.0000000000 0.0000000000

10.0000000000 10.0000000000 10.0000000000
-10.0000000000 10.0000000000 10.0000000000
-10.0000000000 -10.0000000000 10.0000000000
255.0000000000 0.0000000000 0.0000000000

10.0000000000 -10.0000000000 10.0000000000
10.0000000000 -10.0000000000 -10.0000000000
-10.0000000000 -10.0000000000 -10.0000000000
0.0000000000 60.0000000000 200.0000000000

10.0000000000 -10.0000000000 10.0000000000
-10.0000000000 -10.0000000000 10.0000000000
-10.0000000000 -10.0000000000 -10.0000000000
0.0000000000 255.0000000000 0.0000000000

10.0000000000 -10.0000000000 -10.0000000000
10.0000000000 10.0000000000 -10.0000000000
-10.0000000000 10.0000000000 -10.0000000000
0.0000000000 255.0000000000 0.0000000000

10.0000000000 -10.0000000000 -10.0000000000
-10.0000000000 -10.0000000000 -10.0000000000
-10.0000000000 10.0000000000 -10.0000000000
0.0000000000 255.0000000000 255.0000000000

10.0000000000 10.0000000000 -10.0000000000
10.0000000000 10.0000000000 10.0000000000
-10.0000000000 10.0000000000 10.0000000000
255.0000000000 255.0000000000 0.0000000000

10.0000000000 10.0000000000 -10.0000000000
-10.0000000000 10.0000000000 -10.0000000000
-10.0000000000 10.0000000000 10.0000000000
255.0000000000 255.0000000000 0.0000000000

10.0000000000 10.0000000000 -10.0000000000
10.0000000000 -10.0000000000 -10.0000000000
10.0000000000 -10.0000000000 10.0000000000
255.0000000000 0.0000000000 255.0000000000

10.0000000000 10.0000000000 -10.0000000000
10.0000000000 10.0000000000 10.0000000000
10.0000000000 -10.0000000000 10.0000000000
255.0000000000 0.0000000000 255.0000000000

-10.0000000000 10.0000000000 10.0000000000
-10.0000000000 -10.0000000000 10.0000000000
-10.0000000000 -10.0000000000 -10.0000000000
255.0000000000 255.0000000000 0.0000000000

-10.0000000000 10.0000000000 10.0000000000
-10.0000000000 10.0000000000 -10.0000000000
-10.0000000000 -10.0000000000 -10.0000000000
255.0000000000 255.0000000000 0.0000000000

0.0000000000 10.0000000000 10.0000000000
0.0000000000 -10.0000000000 10.0000000000
20.0000000000 0.0000000000 0.0000000000
100.0000000000 100.0000000000 220.0000000000

0.0000000000 10.0000000000 10.0000000000
0.0000000000 10.0000000000 -10.0000000000
20.0000000000 0.0000000000 0.0000000000
120.0000000000 200.0000000000 80.0000000000

0.0000000000 -10.0000000000 10.0000000000
0.0000000000 -10.0000000000 -10.0000000000
20.0000000000 0.0000000000 0.0000000000
230.0000000000 60.0000000000 150.0000000000

0.0000000000 10.0000000000 -10.0000000000
0.0000000000 -10.0000000000 -10.0000000000
20.0000000000 0.0000000000 0.0000000000
150.0000000000 170.0000000000 60.0000000000

