30 20 30
15.0 0 0 
0.0 0.5 2.0
80.0 1.0 1.0 100.0
triangle
10.0 10.0 10.0
10.0 -10.0 10.0
-10.0 -10.0 10.0
triangle
10.0 10.0 10.0
-10.0 10.0 10.0
-10.0 -10.0 10.0
push
rotate
90.0 1.0 0.0 0.0
triangle
10.0 10.0 10.0
10.0 -10.0 10.0
-10.0 -10.0 10.0
triangle
10.0 10.0 10.0
-10.0 10.0 10.0
-10.0 -10.0 10.0
pop
push
rotate
180.0 1.0 0.0 0.0
triangle
10.0 10.0 10.0
10.0 -10.0 10.0
-10.0 -10.0 10.0
0  255 0
triangle
10.0 10.0 10.0
-10.0 10.0 10.0
-10.0 -10.0 10.0
pop
push
rotate
270.0 1.0 0.0 0.0
triangle
10.0 10.0 10.0
10.0 -10.0 10.0
-10.0 -10.0 10.0
triangle
10.0 10.0 10.0
-10.0 10.0 10.0
-10.0 -10.0 10.0
pop
push
rotate
90.0 0.0 1.0 0.0
triangle
10.0 10.0 10.0
10.0 -10.0 10.0
-10.0 -10.0 10.0
triangle
10.0 10.0 10.0
-10.0 10.0 10.0
-10.0 -10.0 10.0
pop
push
rotate
270.0 0.0 1.0 0.0
triangle
10.0 10.0 10.0
10.0 -10.0 10.0
-10.0 -10.0 10.0
triangle
10.0 10.0 10.0
-10.0 10.0 10.0
-10.0 -10.0 10.0
pop
triangle
0.0 10.0 10.0
0.0 -10.0 10.0
20.0 0.0 0.0
triangle
0.0 10.0 10.0
0.0 10.0 -10.0
20.0 0.0 0.0
triangle
0.0 -10.0 10.0
0.0 -10.0 -10.0
20.0 0.0 0.0
triangle
0.0 10.0 -10.0
0.0 -10.0 -10.0
20.0 0.0 0.0
end