8.802 5.393 -28.168
-6.287 13.604 -38.411
6.287 27.127 -46.093

8.802 5.393 -28.168
21.376 18.917 -35.850
6.287 27.127 -46.093

-6.287 13.604 -38.411
-2.515 1.368 -53.775
10.059 14.892 -61.458

-6.287 13.604 -38.411
6.287 27.127 -46.093
10.059 14.892 -61.458

-2.515 1.368 -53.775
12.574 -6.842 -43.533
25.148 6.681 -51.215

-2.515 1.368 -53.775
10.059 14.892 -61.458
25.148 6.681 -51.215

12.574 -6.842 -43.533
8.802 5.393 -28.168
21.376 18.917 -35.850

12.574 -6.842 -43.533
25.148 6.681 -51.215
21.376 18.917 -35.850

12.574 -6.842 -43.533
-2.515 1.368 -53.775
-6.287 13.604 -38.411

12.574 -6.842 -43.533
8.802 5.393 -28.168
-6.287 13.604 -38.411

21.376 18.917 -35.850
6.287 27.127 -46.093
10.059 14.892 -61.458

21.376 18.917 -35.850
25.148 6.681 -51.215
10.059 14.892 -61.458

15.089 12.155 -32.009
-0.000 20.366 -42.252
-3.143 -3.381 -37.131

15.089 12.155 -32.009
18.861 -0.080 -47.374
-3.143 -3.381 -37.131

-0.000 20.366 -42.252
3.772 8.130 -57.617
-3.143 -3.381 -37.131

18.861 -0.080 -47.374
3.772 8.130 -57.617
-3.143 -3.381 -37.131

