0.37238868935 -0.22818039684 0.94848255578
-0.19506074204 -0.42207697285 0.96760774629
0.16255061836 -0.70138037402 0.97637345861

0.37238868935 -0.22818039684 0.94848255578
0.71057841742 -0.62883403606 0.96385101244
0.16255061836 -0.70138037402 0.97637345861

-0.19506074204 -0.42207697285 0.96760774629
-0.05573164058 -0.03032674784 0.98263468169
0.19506074204 -0.28877307684 0.98733059901

-0.19506074204 -0.42207697285 0.96760774629
0.16255061836 -0.70138037402 0.97637345861
0.19506074204 -0.28877307684 0.98733059901

-0.05573164058 -0.03032674784 0.98263468169
0.34422483889 0.18731226606 0.97379530793
0.58518222611 -0.15546918083 0.98075631477

-0.05573164058 -0.03032674784 0.98263468169
0.19506074204 -0.28877307684 0.98733059901
0.58518222611 -0.15546918083 0.98075631477

0.34422483889 0.18731226606 0.97379530793
0.37238868935 -0.22818039684 0.94848255578
0.71057841742 -0.62883403606 0.96385101244

0.34422483889 0.18731226606 0.97379530793
0.58518222611 -0.15546918083 0.98075631477
0.71057841742 -0.62883403606 0.96385101244

0.34422483889 0.18731226606 0.97379530793
-0.05573164058 -0.03032674784 0.98263468169
-0.19506074204 -0.42207697285 0.96760774629

0.34422483889 0.18731226606 0.97379530793
0.37238868935 -0.22818039684 0.94848255578
-0.19506074204 -0.42207697285 0.96760774629

0.71057841742 -0.62883403606 0.96385101244
0.16255061836 -0.70138037402 0.97637345861
0.19506074204 -0.28877307684 0.98733059901

0.71057841742 -0.62883403606 0.96385101244
0.58518222611 -0.15546918083 0.98075631477
0.19506074204 -0.28877307684 0.98733059901

0.56177493707 -0.45254643480 0.95708889151
0.00000000000 -0.57442428258 0.97238904392
-0.10089348726 0.10851193344 0.96579415064

0.56177493707 -0.45254643480 0.95708889151
0.47447207523 0.00202499747 0.97755801433
-0.10089348726 0.10851193344 0.96579415064

0.00000000000 -0.57442428258 0.97238904392
0.07802429682 -0.16816478997 0.98513917093
-0.10089348726 0.10851193344 0.96579415064

0.47447207523 0.00202499747 0.97755801433
0.07802429682 -0.16816478997 0.98513917093
-0.10089348726 0.10851193344 0.96579415064

