0.3723887 0.2281804 3.6539335
-0.1950607 0.4220770 2.9257050
0.1625506 0.7013804 2.5919337

0.3723887 0.2281804 3.6539335
0.7105784 0.6288340 3.0687499
0.1625506 0.7013804 2.5919337

-0.1950607 0.4220770 2.9257050
-0.0557316 0.0303267 2.3535256
0.1950607 0.2887731 2.1747195

-0.1950607 0.4220770 2.9257050
0.1625506 0.7013804 2.5919337
0.1950607 0.2887731 2.1747195

-0.0557316 0.0303267 2.3535256
0.3442248 -0.1873123 2.6901017
0.5851822 0.1554692 2.4250480

-0.0557316 0.0303267 2.3535256
0.1950607 0.2887731 2.1747195
0.5851822 0.1554692 2.4250480

0.3442248 -0.1873123 2.6901017
0.3723887 0.2281804 3.6539335
0.7105784 0.6288340 3.0687499

0.3442248 -0.1873123 2.6901017
0.5851822 0.1554692 2.4250480
0.7105784 0.6288340 3.0687499

0.3442248 -0.1873123 2.6901017
-0.0557316 0.0303267 2.3535256
-0.1950607 0.4220770 2.9257050

0.3442248 -0.1873123 2.6901017
0.3723887 0.2281804 3.6539335
-0.1950607 0.4220770 2.9257050

0.7105784 0.6288340 3.0687499
0.1625506 0.7013804 2.5919337
0.1950607 0.2887731 2.1747195

0.7105784 0.6288340 3.0687499
0.5851822 0.1554692 2.4250480
0.1950607 0.2887731 2.1747195

0.5617749 0.4525464 3.3262307
0.0000000 0.5744243 2.7436479
-0.1008935 -0.1085119 2.9947612

0.5617749 0.4525464 3.3262307
0.4744721 -0.0020250 2.5468295
-0.1008935 -0.1085119 2.9947612

0.0000000 0.5744243 2.7436479
0.0780243 0.1681648 2.2581623
-0.1008935 -0.1085119 2.9947612

0.4744721 -0.0020250 2.5468295
0.0780243 0.1681648 2.2581623
-0.1008935 -0.1085119 2.9947612

