0.0000000000 0.0000000000 0.0000000000
5.0000000000 0.0000000000 0.0000000000
0.0000000000 5.0000000000 0.0000000000

0.0000000000 0.0000000000 0.0000000000
10.0000000000 0.0000000000 0.0000000000
0.0000000000 10.0000000000 0.0000000000

20.0000000000 0.0000000000 0.0000000000
30.0000000000 0.0000000000 0.0000000000
20.0000000000 10.0000000000 0.0000000000

20.0000000000 0.0000000000 0.0000000000
20.0000000000 10.0000000000 0.0000000000
10.0000000000 0.0000000000 0.0000000000

20.0000000000 0.0000000000 0.0000000000
20.0000000000 20.0000000000 0.0000000000
0.0000000000 0.0000000000 0.0000000000

40.0000000000 0.0000000000 0.0000000000
50.0000000000 0.0000000000 0.0000000000
40.0000000000 10.0000000000 0.0000000000

40.0000000000 0.0000000000 0.0000000000
40.0000000000 0.0000000000 10.0000000000
40.0000000000 10.0000000000 0.0000000000

20.0000000000 0.0000000000 0.0000000000
30.0000000000 0.0000000000 0.0000000000
20.0000000000 10.0000000000 0.0000000000

0.0000000000 0.0000000000 0.0000000000
3.7500000000 1.2500000000 -3.0618621785
1.2500000000 3.7500000000 3.0618621785

0.0000000000 0.0000000000 0.0000000000
4.0236892706 2.5293968170 -1.5530860876
-1.5530860876 4.0236892706 2.5293968170

0.0000000000 0.0000000000 0.0000000000
4.3779750890 2.1001554545 -1.1927619993
-1.9087631742 4.5215192992 0.9552415252

0.0000000000 0.0000000000 0.0000000000
2.8448275862 -3.7335789838 -1.7225980310
2.6990962252 3.2758620690 -2.6426515609

