8.8017245885 5.3932384815 -28.1681135852
-6.2869461346 13.6038403488 -38.4110639799
6.2869461346 27.1271846008 -46.0932767758

8.8017245885 5.3932384815 -28.1681135852
21.3756168577 18.9165827335 -35.8503263812
6.2869461346 27.1271846008 -46.0932767758

-6.2869461346 13.6038403488 -38.4110639799
-2.5147784538 1.3684336446 -53.7754895718
10.0591138154 14.8917778966 -61.4577023678

-6.2869461346 13.6038403488 -38.4110639799
6.2869461346 27.1271846008 -46.0932767758
10.0591138154 14.8917778966 -61.4577023678

-2.5147784538 1.3684336446 -53.7754895718
12.5738922692 -6.8421682228 -43.5325391772
25.1477845385 6.6811760293 -51.2147519732

-2.5147784538 1.3684336446 -53.7754895718
10.0591138154 14.8917778966 -61.4577023678
25.1477845385 6.6811760293 -51.2147519732

12.5738922692 -6.8421682228 -43.5325391772
8.8017245885 5.3932384815 -28.1681135852
21.3756168577 18.9165827335 -35.8503263812

12.5738922692 -6.8421682228 -43.5325391772
25.1477845385 6.6811760293 -51.2147519732
21.3756168577 18.9165827335 -35.8503263812

12.5738922692 -6.8421682228 -43.5325391772
-2.5147784538 1.3684336446 -53.7754895718
-6.2869461346 13.6038403488 -38.4110639799

12.5738922692 -6.8421682228 -43.5325391772
8.8017245885 5.3932384815 -28.1681135852
-6.2869461346 13.6038403488 -38.4110639799

21.3756168577 18.9165827335 -35.8503263812
6.2869461346 27.1271846008 -46.0932767758
10.0591138154 14.8917778966 -61.4577023678

21.3756168577 18.9165827335 -35.8503263812
25.1477845385 6.6811760293 -51.2147519732
10.0591138154 14.8917778966 -61.4577023678

15.0886707231 12.1549106075 -32.0092199832
-0.0000000000 20.3655124748 -42.2521703779
-3.1434730673 -3.3808360630 -37.1306951805

15.0886707231 12.1549106075 -32.0092199832
18.8608384039 -0.0804960967 -47.3736455752
-3.1434730673 -3.3808360630 -37.1306951805

-0.0000000000 20.3655124748 -42.2521703779
3.7721676808 8.1301057706 -57.6165959698
-3.1434730673 -3.3808360630 -37.1306951805

18.8608384039 -0.0804960967 -47.3736455752
3.7721676808 8.1301057706 -57.6165959698
-3.1434730673 -3.3808360630 -37.1306951805

