0.3723887 -0.2281804 0.9784592
-0.1950607 -0.4220770 0.9978786
0.2127814 -0.5881064 1.0000000

0.3723887 -0.2281804 0.9784592
-0.1950607 -0.4220770 0.9978786
-0.1098275 -0.4886463 1.0000000

0.3723887 -0.2281804 0.9784592
0.7105784 -0.6288340 0.9940641
0.2127814 -0.5881064 1.0000000

0.3723887 -0.2281804 0.9784592
0.7105784 -0.6288340 0.9940641
0.4547381 -0.6627014 1.0000000

-0.1950607 -0.4220770 0.9978786
-0.1756896 -0.3676112 1.0000000
-0.1537355 -0.4079562 1.0000000

-0.1950607 -0.4220770 0.9978786
-0.1098275 -0.4886463 1.0000000
-0.1537355 -0.4079562 1.0000000

0.3723887 -0.2281804 0.9784592
0.7105784 -0.6288340 0.9940641
0.3487848 0.1200407 1.0000000

0.3723887 -0.2281804 0.9784592
0.7105784 -0.6288340 0.9940641
0.4952100 -0.1490458 1.0000000

0.7105784 -0.6288340 0.9940641
0.4952100 -0.1490458 1.0000000
0.6672156 -0.4651416 1.0000000

-0.1950607 -0.4220770 0.9978786
-0.0129716 -0.2163174 1.0000000
-0.1756896 -0.3676112 1.0000000

0.3723887 -0.2281804 0.9784592
-0.1950607 -0.4220770 0.9978786
0.3487848 0.1200407 1.0000000

0.3723887 -0.2281804 0.9784592
-0.1950607 -0.4220770 0.9978786
-0.0129716 -0.2163174 1.0000000

0.7105784 -0.6288340 0.9940641
0.4547381 -0.6627014 1.0000000
0.5822246 -0.5441655 1.0000000

0.7105784 -0.6288340 0.9940641
0.6672156 -0.4651416 1.0000000
0.5822246 -0.5441655 1.0000000

0.5617749 -0.4525464 0.9871980
-0.1008935 0.1085119 0.9960371
0.0988448 -0.5529798 1.0000000

0.5617749 -0.4525464 0.9871980
-0.1008935 0.1085119 0.9960371
-0.0411853 -0.2956457 1.0000000

0.5617749 -0.4525464 0.9871980
-0.1008935 0.1085119 0.9960371
0.5080002 -0.1725505 1.0000000

0.5617749 -0.4525464 0.9871980
-0.1008935 0.1085119 0.9960371
0.0899917 0.0731835 1.0000000

-0.1008935 0.1085119 0.9960371
-0.0411853 -0.2956457 1.0000000
-0.0647972 0.0526930 1.0000000

-0.1008935 0.1085119 0.9960371
0.0899917 0.0731835 1.0000000
-0.0647972 0.0526930 1.0000000

