8.8017245885 5.3932384815 -28.1681135852
-6.2869461346 13.6038403488 -38.4110639799
7.1417914148 19.7391933324 -40.0000000000
255.0000000000 0.0000000000 0.0000000000

8.8017245885 5.3932384815 -28.1681135852
-6.2869461346 13.6038403488 -38.4110639799
-3.6862488003 16.4009157963 -40.0000000000
255.0000000000 0.0000000000 0.0000000000

8.8017245885 5.3932384815 -28.1681135852
21.3756168577 18.9165827335 -35.8503263812
7.1417914148 19.7391933324 -40.0000000000
255.0000000000 0.0000000000 0.0000000000

8.8017245885 5.3932384815 -28.1681135852
21.3756168577 18.9165827335 -35.8503263812
15.2628215761 22.2429014845 -40.0000000000
255.0000000000 0.0000000000 0.0000000000

-6.2869461346 13.6038403488 -38.4110639799
-5.8968415345 12.3384966939 -40.0000000000
-5.1599772898 13.6926363947 -40.0000000000
0.0000000000 60.0000000000 200.0000000000

-6.2869461346 13.6038403488 -38.4110639799
-3.6862488003 16.4009157963 -40.0000000000
-5.1599772898 13.6926363947 -40.0000000000
0.0000000000 255.0000000000 0.0000000000

8.8017245885 5.3932384815 -28.1681135852
21.3756168577 18.9165827335 -35.8503263812
11.7066076425 -4.0290429762 -40.0000000000
255.0000000000 255.0000000000 0.0000000000

8.8017245885 5.3932384815 -28.1681135852
21.3756168577 18.9165827335 -35.8503263812
16.6212205276 5.0025696575 -40.0000000000
255.0000000000 255.0000000000 0.0000000000

21.3756168577 18.9165827335 -35.8503263812
16.6212205276 5.0025696575 -40.0000000000
22.3944160713 15.6120046279 -40.0000000000
255.0000000000 255.0000000000 0.0000000000

-6.2869461346 13.6038403488 -38.4110639799
-0.4353771325 7.2604728159 -40.0000000000
-5.8968415345 12.3384966939 -40.0000000000
255.0000000000 0.0000000000 255.0000000000

8.8017245885 5.3932384815 -28.1681135852
-6.2869461346 13.6038403488 -38.4110639799
11.7066076425 -4.0290429762 -40.0000000000
255.0000000000 0.0000000000 255.0000000000

8.8017245885 5.3932384815 -28.1681135852
-6.2869461346 13.6038403488 -38.4110639799
-0.4353771325 7.2604728159 -40.0000000000
255.0000000000 0.0000000000 255.0000000000

21.3756168577 18.9165827335 -35.8503263812
15.2628215761 22.2429014845 -40.0000000000
19.5417782732 18.2643633706 -40.0000000000
255.0000000000 255.0000000000 0.0000000000

21.3756168577 18.9165827335 -35.8503263812
22.3944160713 15.6120046279 -40.0000000000
19.5417782732 18.2643633706 -40.0000000000
255.0000000000 255.0000000000 0.0000000000

15.0886707231 12.1549106075 -32.0092199832
-3.1434730673 -3.3808360630 -37.1306951805
3.3176239203 18.5602050587 -40.0000000000
100.0000000000 100.0000000000 220.0000000000

15.0886707231 12.1549106075 -32.0092199832
-3.1434730673 -3.3808360630 -37.1306951805
-1.3823433001 9.9230480093 -40.0000000000
100.0000000000 100.0000000000 220.0000000000

15.0886707231 12.1549106075 -32.0092199832
-3.1434730673 -3.3808360630 -37.1306951805
17.0505118569 5.7914808259 -40.0000000000
120.0000000000 200.0000000000 80.0000000000

15.0886707231 12.1549106075 -32.0092199832
-3.1434730673 -3.3808360630 -37.1306951805
3.0204811178 -2.4563288648 -40.0000000000
120.0000000000 200.0000000000 80.0000000000

-3.1434730673 -3.3808360630 -37.1306951805
-1.3823433001 9.9230480093 -40.0000000000
-2.1748516954 -1.7685857051 -40.0000000000
230.0000000000 60.0000000000 150.0000000000

-3.1434730673 -3.3808360630 -37.1306951805
3.0204811178 -2.4563288648 -40.0000000000
-2.1748516954 -1.7685857051 -40.0000000000
150.0000000000 170.0000000000 60.0000000000

